n=10
2068.9
3988.9
2229.5
1384.4
2722.7
2397.7
1971.2
2926.4
3536
2247.4
Average:2550

n=20
2383
2733
3668
3390
3576
2490
2320
2826
3326
3455
Average:3016

n=30
2518
2960
3441
2262
2614
3313
2438
2980
3536
2227
Average:2828

n=40
2593
2340
2644
3257
2531
2407
2321
1939
1933
3472
Average:2543

n=50
2366
2899
3125
2644
1797
2176
2046
3838
3400
2894
Average:2718

n=60
2374
2539
2338
3148
2194
2105
2774
1983
2091
2090
Average:2363

n=70
3473
2501
2474
3327
3454
2207
2531
2942
3018
2226
Average:2815

n=80
3404
3990
2033
2809
3561
2636
4711
3964
1916
3792
Average:3281

n=90
2991
2500
3587
3791
2738
3700
3810
4462
2439
2889
Average:3190

n=100
3406
2824
2612
3261
4794
3752
3445
2827
3467
3351
Average:3373
